62 62
61 62   7.1
3 10  18.3
32 26  19.9
1 39   6.5
46 3  12.6
50 11   4.0
35 47   5.0
22 27  14.9
36 52   6.8
7 44  18.0
26 42   8.0
23 43  19.1
22 10   5.8
37 10  12.3
14 53  13.1
29 40  17.9
49 12  10.3
31 34  17.5
55 5   0.5
7 11   4.4
51 35   9.1
33 57  13.7
20 15   6.8
14 24   0.8
4 13   5.4
43 14  14.0
55 59   2.9
24 4   6.7
28 3  12.5
36 43  16.3
8 61   3.4
3 58   9.5
15 1  16.7
1 14  16.2
1 16   8.8
29 58  14.5
44 48   5.7
25 9  14.5
60 34   3.7
39 8   7.8
4 15   1.0
2 15   3.1
18 27  12.1
5 28  14.1
12 28  15.0
30 57   4.9
60 36   4.3
23 58   2.5
52 55  10.7
20 29  11.2
30 32  16.2
38 34   4.5
37 51   9.7
39 53  16.0
52 62  19.4
18 30  14.8
39 27   1.9
46 49   8.4
60 37  16.2
45 56   8.2
35 23  10.3
37 58   1.2
